+------------+----------+------------+----------+---------+---------+--------+-----------+----------------+-----------+----------+-----------+-----------+----------+-------------------+-----------------+------------+-----------+-----------+----------+---------------+-----------+---------------+---------+------------------+----------------+-------------------------+-----------+
|  Project   | NameExpr | MemberExpr | CallExpr | StrExpr | IntExpr | OpExpr | TupleExpr | ComparisonExpr | IndexExpr | ListExpr | UnaryExpr | SliceExpr | DictExpr | ListComprehension | ConditionalExpr | LambdaExpr | SuperExpr | FloatExpr | CastExpr | GeneratorExpr | BytesExpr | TypeAliasExpr | SetExpr | SetComprehension | NamedTupleExpr | DictionaryComprehension | YieldExpr |
+------------+----------+------------+----------+---------+---------+--------+-----------+----------------+-----------+----------+-----------+-----------+----------+-------------------+-----------------+------------+-----------+-----------+----------+---------------+-----------+---------------+---------+------------------+----------------+-------------------------+-----------+
|  seagull   |   309    |    145     |   180    |   154   |   294   |   23   |     68    |       17       |     16    |    60    |     13    |     25    |    4     |         15        |        4        |     0      |     20    |     2     |    0     |       2       |     0     |       0       |    2    |        0         |       0        |            0            |     0     |
| tinychain  |   691    |    346     |   344    |   216   |    74   |   96   |     9     |       38       |     25    |    38    |     25    |     6     |    0     |         4         |        5        |     0      |     0     |     0     |    0     |       4       |     5     |       0       |    0    |        2         |       1        |            0            |     0     |
|   relex    |   628    |    263     |   248    |    89   |   145   |  161   |    106    |       53       |     63    |    25    |     32    |     31    |    5     |         1         |        0        |     3      |     2     |     5     |    0     |       0       |     0     |       0       |    0    |        0         |       0        |            1            |     2     |
|  htmlark   |   192    |     85     |    81    |   118   |    2    |   12   |     2     |       21       |     6     |    6     |     7     |     0     |    0     |         0         |        2        |     0      |     0     |     0     |    0     |       0       |     0     |       0       |    0    |        0         |       0        |            0            |     0     |
|  pendulum  |   3457   |    1533    |   1621   |   996   |   644   |  741   |    1012   |      281       |    127    |    14    |     98    |     21    |    61    |         5         |        30       |     38     |     10    |     2     |    0     |       1       |     2     |       0       |    0    |        0         |       2        |            0            |     0     |
| adventure  |   406    |     98     |    67    |    45   |    62   |   67   |     9     |       37       |     18    |    12    |     7     |     4     |    7     |         4         |        0        |     0      |     0     |     0     |    0     |       0       |     0     |       4       |    0    |        0         |       0        |            1            |     0     |
|    imp     |   355    |     93     |    61    |    46   |    12   |   29   |     29    |       25       |     11    |    9     |     4     |     0     |    0     |         0         |        0        |     1      |     0     |     0     |    0     |       0       |     0     |       0       |    0    |        0         |       0        |            0            |     0     |
|   icemu    |   456    |    212     |   170    |   203   |    73   |   56   |     2     |       16       |     51    |    50    |     20    |     24    |    0     |         19        |        8        |     0      |     0     |     0     |    0     |       2       |     0     |       0       |    0    |        1         |       0        |            1            |     0     |
|   scion    |   442    |    235     |   134    |   142   |   111   |   76   |     15    |       29       |     35    |    6     |     3     |     3     |    5     |         2         |        0        |     3      |     0     |     4     |    9     |       0       |     0     |       0       |    0    |        0         |       0        |            0            |     0     |
| test_suite |   973    |    245     |   346    |   112   |   247   |  121   |     90    |       57       |     76    |    85    |     9     |     1     |    25    |         5         |        0        |     0      |     0     |     14    |    0     |       0       |     0     |       0       |    2    |        0         |       0        |            0            |     0     |
+------------+----------+------------+----------+---------+---------+--------+-----------+----------------+-----------+----------+-----------+-----------+----------+-------------------+-----------------+------------+-----------+-----------+----------+---------------+-----------+---------------+---------+------------------+----------------+-------------------------+-----------+