+------------+-------+----------------+---------+------------+--------+----------------+------------+----------+---------+------------------------+-----------+--------+----------+---------+-----------+----------+------------+-----------+--------------+------------+---------+
|  Project   | Block | AssignmentStmt | FuncDef | ReturnStmt | IfStmt | ExpressionStmt | ImportFrom | ClassDef | ForStmt | OperatorAssignmentStmt | RaiseStmt | Import | PassStmt | TryStmt | WhileStmt | WithStmt | AssertStmt | BreakStmt | ContinueStmt | GlobalDecl | DelStmt |
+------------+-------+----------------+---------+------------+--------+----------------+------------+----------+---------+------------------------+-----------+--------+----------+---------+-----------+----------+------------+-----------+--------------+------------+---------+
|  seagull   |   94  |      102       |    66   |     39     |   17   |       99       |     15     |    24    |    2    |           5            |     12    |   10   |    0     |    1    |     0     |    1     |     0      |     0     |      0       |     0      |    0    |
| tinychain  |  158  |       81       |    46   |     48     |   80   |       89       |     4      |    19    |    18   |           6            |     21    |   11   |    2     |    10   |     4     |    9     |     1      |     0     |      0       |     1      |    1    |
|   relex    |   94  |      195       |    15   |     14     |   58   |       42       |     31     |    4     |    9    |           13           |     2     |   9    |    2     |    1    |     2     |    1     |     6      |     0     |      1       |     0      |    0    |
|  htmlark   |   73  |       37       |    9    |     5      |   29   |       45       |     7      |    0     |    4    |           1            |     8     |   5    |    1     |    4    |     0     |    1     |     0      |     0     |      1       |     0      |    0    |
|  pendulum  |  877  |      648       |   367   |    450     |  455   |      186       |    307     |    32    |    23   |           56           |     57    |   45   |    18    |    19   |     8     |    3     |     0      |     2     |      2       |     1      |    0    |
| adventure  |  105  |      138       |    44   |     21     |   34   |       18       |     1      |    10    |    3    |           5            |     0     |   0    |    0     |    0    |     0     |    0     |     0      |     0     |      0       |     0      |    0    |
|    imp     |  114  |       96       |    65   |     46     |   43   |       9        |     2      |    27    |    1    |           0            |     2     |   2    |    3     |    0    |     4     |    0     |     0      |     1     |      0       |     0      |    0    |
|   icemu    |  101  |       86       |    44   |     29     |   27   |       36       |     3      |    34    |    21   |           5            |     0     |   0    |    11    |    0    |     0     |    0     |     4      |     0     |      0       |     0      |    0    |
|   scion    |  114  |       92       |    55   |     47     |   30   |       94       |     18     |    53    |    18   |           15           |     3     |   7    |    3     |    2    |     0     |    0     |     1      |     0     |      0       |     0      |    0    |
| test_suite |  301  |      160       |   195   |    147     |   64   |      104       |     15     |   100    |    23   |           10           |     4     |   0    |    32    |    0    |     5     |    0     |     0      |     2     |      0       |     0      |    0    |
+------------+-------+----------------+---------+------------+--------+----------------+------------+----------+---------+------------------------+-----------+--------+----------+---------+-----------+----------+------------+-----------+--------------+------------+---------+